
6758
3004
7972
3889
3289
5166
6974
7259
1042
3773
391
817
3822
6406
5833
9036
533
7450
1096
5510
2441
3654
6155
147
5634
3262
5084
1255
1930
2444
5138
750
5049
8757
8277
9528
9609
8724
4978
1559
849
6669
9381
8441
9780
3065
5390
4554
8357
798
5131
8780
9331
1278
7240
8716
4757
7328
6562
5462
1392
3577
4918
2884
1794
9742
4215
6103
754
4289
6958
2858
4571
6481
5484
9726
4366
9691
2169
2837
3599
5557
7524
7368
5526
422
4661
2188
1111
2280
8076
9028
5803
3054
9982
1268
8767
4248
7993
813
4246
9086
2459
7980
6627
8658
4325
2607
8861
3086
7931
9558
3737
1957
6694
6079
4503
5634
7497
244
9164
5083
655
8391
1420
3949
5183
1786
5018
2734
5699
2871
8425
6265
9975
3048
8825
8278
121
7010
8435
554
8699
302
4593
9496
1670
6781
1025
3493
5519
9860
2825
3927
7979
6662
6835
7401
9799
5935
8480
6556
3246
2279
8968
3390
2824
6257
3258
3230
9471
7502
1539
8437
8388
3837
7533
7845
5012
8769
6285
3438
2394
3221
5307
7109
5916
2491
961
3981
5118
6293
2003
1249
185
4080
7394
9804
7232
3838
3368
447
6103
2083
4609
8850
7308
2395
1285
7848
1138
5719
966
7668
1720
4463
8812
5909
8800
1414
3250
7081
4411
3506
7175
5691
8229
4000
1367
3845
3614
9742
1690
8667
7305
9013
8495
7743
546
7578
1898
7247
7365
6409
6087
8267
1476
364
5418
7107
4350
9431
6579
1556
5721
7013
4305
5216
5749
4467
8275
2199
1283
4721
9662
3449
6810
6141
9860
1297
5059
7307
7712
5018
4270
7694
6768
1692
4580
1596
2190
4868
9717
1105
3874
9408
9096
5243
8444
1179
3245
5673
2841
8725
1218
2008
9347
7408
5892
9465
3058
2791
8160
1359
5447
4626
6997
8398
1133
8262
5667
665
146
7629
7788
394
5894
9548
2791
8947
3791
3714
8656
7500
6465
6755
7844
3961
8135
8685
3998
1115
8955
1773
4629
8400
4923
1784
2871
3728
5338
9719
6776
969
5122
6694
6712
8936
4288
4225
3302
3854
2440
8643
1430
151
5258
8753
1219
6961
8173
246
8975
8198
9577
5400
862
5371
5297
960
4270
6343
8390
19
8374
1912
9667
3348
7692
1777
9217
8883
5345
4024
802
7127
278
7871
7129
8615
9939
5819
3411
6782
2459
894
8287
277
7031
8951
3786
9275
6555
4082
7332
2222
7846
5070
3363
2847
3974
1571
1805
7862
2158
7866
1119
706
8110
3010
5964
4346
6950
7963
9831
1957
9904
9616
6141
4317
3543
8504
6723
6557
5782
8965
991
3205
8226
4713
5137
6215
2878
5253
2520
2820
5782
657
8078
4645
2307
2985
2735
3913
5345
8391
9985
1048
1739
368
7305
9826
3285
5300
4204
1969
5686
2496
7107
8151
995
5900
3858
948
3298
8258
8957
9885
596
6131
6394
5279
1583
7349
1006
4593
4551
8734
5714
6804
3662
1288
5596
3837
4622
6296
7932
8872
2792
1059
1590
8919
1005
7835
7357
2780
4530
5288
2442
6173
3232
639
6955
7080
7173
3944
1336
82
4032
4860
6923
4635
4211
4366
2819
982
9846
2597
4165
6980
9571
5464
2441
5958
5731
8143
7699
5137
693
1917
3518
6665
1050
7047
5895
8153
4295
6855
705
7363
8359
3811
1606
9000
4576
6088
4316
452
2476
7107
5265
359
7730
15
5657
5061
5533
5026
5051
1418
7333
3077
6411
3793
4032
1441
6139
6267
873
9876
8793
6419
4832
8407
3902
5297
8676
328
5672
4212
1638
9978
6036
9234
6742
4261
4531
2116
86
6173
3276
9665
3862
4728
595
3975
3345
4971
4634
4059
3047
779
440
4989
2372
4260
2249
4926
1792
6799
9831
6145
3621
2603
3013
5256
2672
4252
6342
7153
4640
465
7520
5046
9679
497
4032
2712
8836
9695
4534
5717
7984
7786
4083
3862
7320
296
264
4496
4348
1494
4966
5018
8754
7917
1096
3608
9688
4097
891
3801
775
2456
8261
4665
8869
1896
6685
7151
117
2636
4864
29
2837
545
9009
7459
9418
7792
320
5878
9910
3767
2270
379
3164
2818
4172
3263
4112
2805
5954
630
2276
2287
7698
6972
4589
8176
3147
6470
6140
1612
8429
5663
8176
8206
7564
5280
9604
2413
978
4224
7648
5244
3989
2476
669
4170
1965
7067
967
9571
9603
4093
392
272
6757
5427
2080
2415
2338
790
528
9163
6245
1568
1118
2095
5547
9353
8750
8879
2938
8400
8761
8869
5321
8379
2226
3104
2815
3129
7117
9411
9694
4554
7861
1299
3734
3130
6369
366
8230
340
544
2
5938
1466
4286
9898
6477
7907
5218
4253
9440
1794
2104
3668
7451
6772
1533
1253
1648
5074
59
8515
8870
2852
2542
3543
1345
7631
1944
9100
7200
6813
9634
8624
4271
1685
2224
5640
3679
1399
7708
8564
5833
6082
5229
3252
4346
1403
6983
6043
362
654
1907
3419
1354
8683
7509
4041
5853
2977
7696
5500
8129
863
7150
7318
6516
2712
3737
3831
1864
420
3708
6930
5417
2758
8719
9739
5566
2202
8336
4252
5631
1200
6163
511
7861
9473
9578
9569
4493
6356
7859
1036
4221
5584
9385
8130
2081
9368
5098
2903
6989
136
3544
7448
4538
4547
3583
7267
9958
2734
3337
1532
6198
312
9480
4782
4876
8480
4692
7936
8986
3068
2089
9574
5503
5425
5174
444
3965
5786
9804
3677
1438
108
5325
1935
2520
6492
4210
1550
2126
7927
3014
4666
5032
1017
1045
6641
2660
9686
8167
3248
2435
7086
7034
6722
3093
48
9358
5924
2164
7309
7000
6196
1188
1395
7145
2607
5542
2540
5832
5076
5952
5224
9208
7324
3342
2176
181
5555
9826
9841
7842
7319
4346
4058
2229
3882
9940
380
4816
6413
5035
7348
3919
2652
3894
1963
2247
1028
7368
2879
221
3904
2104
4033
5210
6480
3284
5299
7428
5270
7340
8441
1999
4909
8333
6284
2475
9195
2455
3494
4438
5797
141
6139
9986
8330
9196
1285
4692
6194
2593
9136
8259
4270
4163
3082
4670
9710
1064
287
4292
7619
7986
4437
5396
7
3228
478
7950
571
392
83
2239
9875
1465
2226
3267
6615
2740
6867
545
2262
9445
4853
4312
2533
7904
4365
3121
8979
4900
9029
8038
4616
4259
6863
221
9812
7148
6737
4764
8400
9486
5426
17
8059
243
7214
9263
7641
842
8986
5783
4358
7440
8364
2235
4665
8077
3159
5633
3621
1455
565
3862
74
5788
2517
5246
1369
4457
6483
9139
3048
8286
4636
9877
6299
426
274
4658
8102
5277
5729
3397
3043
2761
2853
3778
4520
6140
1008
3642
2580
7320
7323
6678
9752
3030
2123
7448
5060
1584
7032
9341
6777
4743
4612
2713
1719
4977
4585
2885
5186
1435
2650
6593
1535
2897
1172
4227
5281
223
7027
7922
8401
7396
4397
215
2941
9110
2001
132
4735
7732
7683
3689
3288
1375
2988
4737
2913
2381
7440
3298
7731
257
8765
1541
6564
347
2119
7881
4544
7393
5080
3653
4540
6170
1546
9343
3461
700
1462
2171
6984
7348
1672
6511
1259
1826
9034
3555
982
6807
4561
464
5741
4907
2728
7334
7593
8296
3500
350
2161
4308
5670
605
441
3076
2344
9276
4125
6869
4785
5071
9120
7305
507
9665
4279
5144
1953
8913
9705
6199
716
4336
6475
2263
1689
3599
5410
2504
4088
75
4400
161
857
5573
6277
8672
8470
2249
2469
1560
7487
1929
1576
1869
1861
4170
9126
9744
976
5001
957
9907
2488
3998
5198
130
9074
4387
7794
6594
951
2729
9423
8561
1386
8588
3437
6397
2902
4393
462
1581
4395
1631
7617
9655
8901
8517
5159
643
421
2117
298
7348
4595
2302
4736
4996
6286
8111
8457
6726
1885
3189
7003
2758
120
8534
930
2226
2531
9722
328
1963
8034
8049
7371
4760
9096
410
4339
4209
8895
9056
8628
4035
7632
5521
2210
9014
9927
379
4038
9163
4456
2558
7955
7742
4391
1847
8279
4099
5477
4654
4252
3881
5735
787
5252
2487
8089
4557
9837
8908
2621
9872
6759
3556
1397
4574
330
795
3757
2737
2559
5578
8197
9175
3850
8505
9144
5628
2347
6807
8308
8968
5119
6666
6716
839
3806
4679
752
3190
1496
3919
7711
4017
9580
6213
4838
7794
9760
1762
995
4602
265
1125
7779
2826
1497
1789
3926
1129
855
9898
2479
7184
2211
647
5339
9823
8183
4220
5913
4633
3367
5373
7620
4379
2022
9114
7287
2064
1557
1528
8689
9788
5388
6300
6331
687
4681
5996
9230
10
2823
3650
2224
4763
8655
3370
2508
7809
4071
3967
7970
154
452
9027
6828
679
5860
4975
9848
9814
1601
5886
6207
2599
6632
1171
6722
4290
4900
1365
4759
1248
8888
7528
4173
7986
2190
1068
1247
824
6315
5761
3645
3462
9087
3644
2707
2401
3845
6570
5303
2752
9242
4930
1197
6911
6585
1389
4
7599
7513
790
4861
8609
9126
7596
2412
937
2184
8067
3362
1165
389
262
8899
3733
1200
3055
4400
4343
1563
948
4752
8558
268
2633
9559
7228
5800
1994
3914
6840
1234
1492
1960
8161
301
8208
4327
917
1389
8240
3113
6015
5150
9165
8376
6636
4077
9593
7733
6067
3404
1133
6698
4638
9851
9573
3832
5845
9521
989
9916
238
8783
9814
8848
9780
8361
9538
2505
4619
8581
182
8343
6621
5807
1819
6623
2939
5074
3181
9894
2009
5626
5834
4972
5897
2881
3704
680
4034
6769
5759
4124
9900
7081
3669
9379
6674
7682
6265
3729
7030
8698
7173
1921
9872
1992
1342
3595
8218
1449
204
993
5813
2
1783
1512
4839
9847
7545
540
7685
6422
7665
2741
1519
27
897
3353
3885
5698
4366
8594
2681
9164
2882
4504
9530
958
645
3511
1876
2494
1660
9893
4912
3042
4806
7440
3240
3132
7355
2739
2501
2827
4095
3102
7195
9194
7859
6359
4962
4563
7193
3261
8508
3967
2957
8925
7224
5051
5289
4292
1628
9190
2236
2107
6003
3276
1196
4048
9198
7701
2571
9163
9935
8871
5492
7892
7890
9656
7172
6946
4798
6510
51
7245
3042
9510
6395
5504
9091
5214
6856
9453
8521
2593
1992
6201
9594
124
6237
8388
7638
800
3358
9159
7426
1418
3760
960
5396
5042
941
3617
1232
8022
6359
9178
2256
6327
8395
3376
3398
1916
9974
1669
8422
4309
8432
9611
3985
4230
2845
709
6293
8152
8991
6093
6218
2288
4985
3599
307
4445
5147
4850
9955
822
1958
2141
7439
6660
2089
6936
3999
7273
7763
8411
2048
4786
1754
681
2404
2783
4696
5198
9686
2169
5287
167
3705
90
502
5142
3852
3108
7506
4785
1030
924
4445
3344
9645
6152
7763
810
1573
5963
4115
659
8573
8877
8041
3375
6282
8344
8672
5494
6572
722
6039
3716
1081
6
62
1116
1220
2921
650
8746
4564
6020
304
3458
2108
7404
9520
2901
944
7937
3738
8402
2644
2198
7915
8095
4158
6638
3718
9702
8544
8701
3019
3231
1906
2787
7247
8835
5467
4014
9056
2376
8910
2866
8454
5776
4925
6029
8706
60
8736
210
3477
9181
7520
1
2680
9760
9805
8651
2587
415
2167
8330
29
4952
8434
3549
416
6179
1453
9585
7471
3319
9297
9475
5296
3922
3806
2580
6319
2739
5417
8949
291
2878
9183
3179
2273
4541
4891
8229
6396
5501
650
3583
3336
7551
7228
5517
5875
7736
158
3396
5094
6178
4902
2926
8736
949
1027
2043
6138
3607
5887
7999
861
5131
5356
2131
8673
3238
8788
19
7535
5478
8924
3317
7840
5960
7641
9743
9822
5340
2338
3641
8303
8169
351
9745
6324
7878
977
4731
607
7125
8322
9283
6628
4897
804
7911
6632
8930
8485
7914
3144
981
6976
2285
1883
5705
2477
3787
8509
7679
9765
7064
2065
2506
9639
9389
9124
4875
8073
3959
8761
542
7890
333
6325
7138
9105
8001
5411
6219
8104
5767
27
871
4303
5659
2753
6309
6958
222
9519
8683
4288
7108
4554
3034
7764
5480
4690
4244
8424
1362
5835
3709
447
5028
8168
262
3867
1017
760
7023
5910
8025
2150
6381
3545
1052
7238
8113
2149
8439
5784
959
6201
6895
8798
6343
4587
5288
6527
4898
9490
4336
3975
2227
3884
560
6386
9074
6115
9229
9367
9442
8526
5176
2929
7002
7798
7368
5297
7168
6538
7749
9241
1161
7037
1658
1820
4630
4200
5367
1326
1336
4769
1528
8711
2657
1251
3740
6477
6386
2094
2585
7518
8577
4885
2557
3193
8897
9657
3045
177
9315
6509
8718
7305
8091
2028
180
683
1732
6541
8370
4094
8912
9833
9146
9672
8269
6594
1758
9649
9127
7395
8820
563
9666
9831
3991
3551
5936
6111
8
9956
144
7308
9778
7867
3402
417
8829
4072
6439
4730
2649
702
728
5738
7543
8204
7356
3456
3327
1402
5946
29
7324
9027
7484
6161
1267
7912
249
5466
4934
8119
1404
3788
5289
6399
2219
3463
5031
9848
4789
2468
9027
4580
4368
9594
4369
2949
558
62
3209
2075
592
374
5969
3441
6163
9982
519
3112
9154
9697
6257
6229
517
5989
5887
2057
242
9862
1795
8965
172
3780
3023
3211
6968
7638
6160
5055
9459
7569
2213
7994
5776
3877
3965
8204
5746
1432
2323
4784
6985
3433
9055
8152
9562
7309
3805
6005
8557
5168
8754
1140
2716
8827
8368
2368
9789
7755
2247
3844
4363
6453
9018
6760
9421
7445
6139
6593
5898
2417
4589
4559
4931
5075
4477
4569
1116
7654
2139
3541
6137
2108
3410
404
6210
9967
1907
9129
5534
395
3933
5731
345
5684
2328
7128
142
1113
4631
5775
2422
8377
7249
3105
1322
2736
2358
1073
6836
2056
7878
900
758
4321
9778
7499
5834
4444
9152
3395
3931
9448
658
3216
9578
5276
6219
2364
9642
8283
7283
5389
3242
3302
943
1179
5797
9969
5159
6962
599
702
8385
8581
8766
3160
9911
6035
528
6659
7239
2431
359
8875
7443
3455
4998
2281
1141
6092
8835
6508
1928
1579
8856
9447
9155
1586
4274
4651
5738
7354
2875
3711
4248
429
7361
9753
3544
9404
7542
5948
3526
7848
5164
3680
330
4425
673
9659
1117
9339
4453
945
7974
9447
3600
3303
6234
2517
1586
345
1627
9632
9389
464
4693
8115
1955
6136
4790
3408
154
6732
8544
2390
1234
1174
7657
2041
5498
6603
9806
4619
7413
3632
1443
9043
9673
7267
725
7679
1044
3906
8507
6994
2157
6833
3289
6684
9716
1405
5462
2253
812
254
4791
8382
8670
4559
7747
1096
5023
7053
3444
9085
477
9503
6818
4541
6075
7504
4503
1787
8645
3553
7326
2343
112
9896
1027
977
4538
2315
8829
5966
8031
2913
7340
6356
551
6871
783
3439
8586
9143
1363
1889
2442
4618
4003
4356
9877
1098
9870
2435
5342
524
9642
495
6242
2222
4784
1088
4055
6062
7622
4500
5032
4678
7958
7943
1908
5017
6541
9547
827
5485
8081
9853
5957
7490
6342
8637
2885
8834
2674
6761
2330
2944
9499
3589
3913
8197
7840
7217
5959
2629
3000
7590
5167
6786
9505
2680
1971
3745
5387
5943
2666
9834
6387
648
1086
3257
4615
9833
1212
5824
7822
2921
7865
2657
9631
798
3352
6242
8611
8158
7933
2152
5060
2991
1238
3176
4250
9409
4524
5870
6497
8495
4673
1310
8480
4609
5059
58
1302
9462
533
8564
6214
201
9429
2201
9844
3342
413
9965
2826
9634
3880
4622
8771
1503
8407
949
1465
7371
6700
8663
9638
806
6613
2782
8591
4817
9382
7403
8067
6763
2924
9920
9082
6484
9713
325
9737
1570
4200
6510
55
9886
7598
7632
1051
5796
7988
9516
1816
6011
5902
5256
7213
6241
3835
140
7333
1297
9874
8119
3371
9569
8950
5231
5334
952
190
3627
9118
7525
9921
6025
5097
2803
4604
4184
4660
515
5407
1648
649
7089
6316
675
7005
6192
494
4795
7738
8204
4309
537
8345
107
734
6245
7582
1181
7604
7510
2043
9660
3769
1201
6966
2143
9529
1655
7456
3166
6434
1750
7500
1975
9656
6483
2974
2259
8528
9279
4367
4911
4999
3762
1183
6124
747
7458
6277
8601
1139
6506
3714
258
4300
3594
3821
1443
3243
2242
2253
9335
4179
3466
8014
7484
4596
3868
627
9325
1163
6847
2259
2148
1555
1938
1213
8332
62
2670
5526
9329
8232
4871
7936
4249
7176
3850
2421
7041
3625
3845
190
7584
4026
3696
6577
2573
1648
8569
3397
2428
5432
4469
8361
1236
5043
8233
9817
8680
5182
7585
8232
3577
8262
5279
222
2081
9881
3293
7559
5822
7152
2823
633
7870
9101
1371
7627
6421
7123
1550
7956
3902
5512
5006
4903
6766
5825
4880
3385
462
7200
3106
8448
4786
9460
9617
1330
3413
5545
4009
180
2334
835
4541
5317
1779
8390
506
504
5063
4370
3573
1759
6655
7134
9298
4187
1064
2706
6064
3505
9947
6558
1094
1124
7785
12
7524
8164
1857
895
7687
3845
6765
9939
7843
8757
3486
6651
1114
9860
7730
6976
7156
363
2241
8534
8229
8697
5526
4338
1996
3895
2249
1293
5786
1127
8837
994
904
7437
6283
5105
672
7236
689
5782
702
3639
1226
8278
4336
3831
4444
4158
5511
4517
3028
2820
8866
3629
9864
6326
2502
6658
8561
169
8931
5779
4698
5286
5240
8475
2287
1247
1494
297
1037
4336
8320
2820
3644
4615
7907
8727
297
2930
143
3786
1517
4897
5871
975
2196
641
8031
8763
6717
1514
3862
909
5218
6882
1295
9756
7270
6474
3692
9117
7146
6768
4479
1998
484
4464
6979
1486
1558
2294
7762
3884
8638
2488
198
3741
1082
4336
6275
7360
4566
8662
4703
7383
9801
1865
3273
2162
6768
4221
5411
3953
6502
9702
1808
4058
4933
1142
6835
3204
910
2504
4918
5225
2749
5210
2069
7322
3396
4841
9597
9441
9577
7625
101
3197
3555
6030
8510
1837
5248
3542
5392
2453
4400
1913
6802
9028
2487
6340
6010
8274
4216
6711
8177
4655
350
5979
9836
5116
5108
7667
2588
4613
1606
3164
8459
3093
5793
9960
4004
3560
299
6173
184
3045
3315
5981
1279
3148
7566
6653
3618
3779
7959
2164
2109
8703
1350
7118
9063
3393
7929
3650
517
6950
2063
6512
4105
1233
8177
2330
1348
9316
1985
9083
5420
9961
8967
47
8766
3965
7591
3066
381
3375
6598
9445
7342
5414
5428
7268
2238
3306
1629
8128
1621
4215
7313
8217
6398
7012
7698
9814
1851
9584
6035
1247
4213
2986
669
633
507
9802
4943
5097
4920
6956
3420
6933
5708
6555
2758
555
7210
1108
1924
3986
9285
5773
5555
9708
5317
825
4215
8236
6952
6205
8841
8070
7029
4452
3859
631
5939
2403
5913
1545
2147
7736
7332
864
3759
6546
513
8368
7285
5239
7148
5984
8780
7430
2134
3183
4611
1142
7553
3438
128
9424
7482
8668
7529
801
5712
1019
6256
1729
6568
5239
4443
5099
2460
8322
6251
8926
6421
1300
2897
4053
608
3570
8656
4296
6000
2154
1563
9858
8082
